10000
01000
00100
00010
00001

01000
00100
00010
00001
00000

00100
00010
00001
00000
00000

00000
10000
01000
00100
00010

00000
00000
10000
01000
00100

00001
00010
00100
01000
10000

00000
00001
00010
00100
01000

00000
00000
00001
00010
00100

00001
00010
00100
01000
10000

00010
00100
01000
10000
00000

00100
01000
10000
00000
00000

11111
00000
00000
00000
00000

00000
11111
00000
00000
00000

00000
00000
11111
00000
00000

00000
00000
00000
11111
00000

00000
00000
00000
00000
11111

10000
10000
10000
10000
10000

01000
01000
01000
01000
01000

00100
00100
00100
00100
00100

00010
00010
00010
00010
00010

00001
00001
00001
00001
00001
